 rho:               u1:                 u2:                 u3:            Ground state eigenvalue: 17.448425
0.0057142857       0.00058371172       0.00096454923        0.0012706029
0.011428571        0.0023468741        0.0038755931        0.0051020316
0.017142857        0.0053056341        0.0087523223         0.011509619
0.022857143        0.0094735729         0.015604608         0.020489734
0.028571429         0.014861661         0.024432897         0.032019685
0.034285714         0.021478219         0.035228154         0.046057777
0.040000000         0.029328887         0.047971847         0.062543496
0.045714286         0.038416602         0.062635991         0.081397855
0.051428571         0.048741578         0.079183226          0.10252386
0.057142857         0.060301299         0.097566954          0.12580715
0.062857143         0.073090515          0.11773151          0.15111669
0.068571429         0.087101249          0.13961240          0.17830572
0.074285714          0.10232280          0.16313655          0.20721268
0.080000000          0.11874179          0.18822264          0.23766238
0.085714286          0.13634215          0.21478143          0.26946716
0.091428571          0.15510519          0.24271619          0.30242826
0.097142857          0.17500960          0.27192310          0.33633718
0.10285714          0.19603156          0.30229175          0.37097717
0.10857143          0.21814474          0.33370562          0.40612479
0.11428571          0.24132035          0.36604260          0.44155146
0.12000000          0.26552729          0.39917559          0.47702516
0.12571429          0.29073212          0.43297307          0.51231206
0.13142857          0.31689921          0.46729969          0.54717823
0.13714286          0.34399081          0.50201694          0.58139131
0.14285714          0.37196711          0.53698375          0.61472220
0.14857143          0.40078638          0.57205720          0.64694674
0.15428571          0.43040504          0.60709312          0.67784734
0.16000000          0.46077777          0.64194684          0.70721454
0.16571429          0.49185763          0.67647382          0.73484854
0.17142857          0.52359617          0.71053033          0.76056071
0.17714286          0.55594352          0.74397413          0.78417490
0.18285714          0.58884855          0.77666514          0.80552878
0.18857143          0.62225896          0.80846609          0.82447502
0.19428571          0.65612144          0.83924317          0.84088236
0.20000000          0.69038175          0.86886661          0.85463659
0.20571429          0.72498487          0.89721136          0.86564138
0.21142857          0.75987515          0.92415759          0.87381902
0.21714286          0.79499642          0.94959130          0.87911099
0.22285714          0.83029209          0.97340481          0.88147836
0.22857143          0.86570534          0.99549730          0.88090218
0.23428571          0.90117923           1.0157752          0.87738356
0.24000000          0.93665680           1.0341527          0.87094369
0.24571429          0.97208122           1.0505520          0.86162376
0.25142857           1.0073959           1.0649040          0.84948463
0.25714286           1.0425448           1.0771479          0.83460645
0.26285714           1.0774721           1.0872325          0.81708807
0.26857143           1.1121227           1.0951153          0.79704641
0.27428571           1.1464425           1.1007636          0.77461560
0.28000000           1.1803780           1.1041542          0.74994605
0.28571429           1.2138766           1.1052733          0.72320343
0.29142857           1.2468871           1.1041171          0.69456751
0.29714286           1.2793592           1.1006913          0.66423087
0.30285714           1.3112440           1.0950114          0.63239761
0.30857143           1.3424940           1.0871022          0.59928191
0.31428571           1.3730631           1.0769981          0.56510655
0.32000000           1.4029069           1.0647427          0.53010136
0.32571429           1.4319824           1.0503886          0.49450166
0.33142857           1.4602486           1.0339973          0.45854660
0.33714286           1.4876662           1.0156385          0.42247757
0.34285714           1.5141975          0.99539024          0.38653650
0.34857143           1.5398071          0.97333821          0.35096424
0.35428571           1.5644613          0.94957550          0.31599893
0.36000000           1.5881285          0.92420214          0.28187438
0.36571429           1.6107793          0.89732460          0.24881848
0.37142857           1.6323861          0.86905535          0.21705170
0.37714286           1.6529237          0.83951233          0.18678562
0.38285714           1.6723689          0.80881841          0.15822153
0.38857143           1.6907008          0.77710087          0.13154909
0.39428571           1.7079006          0.74449082          0.10694511
0.40000000           1.7239516          0.71112263         0.084572424
0.40571429           1.7388396          0.67713334         0.064578809
0.41142857           1.7525523          0.64266208         0.047096097
0.41714286           1.7650798          0.60784946         0.032239336
0.42285714           1.7764142          0.57283700         0.020106096
0.42857143           1.7865499          0.53776652         0.010775895
0.43428571           1.7954834          0.50277953        0.0043097501
0.44000000           1.8032132          0.46801671       0.00074985345
0.44571429           1.8097401          0.43361727       0.00011938388
0.45142857           1.8150668          0.39971843        0.0024224423
0.45714286           1.8191980          0.36645486        0.0076441182
0.46285714           1.8221403          0.33395817         0.015750683
0.46857143           1.8239024          0.30235639         0.026689907
0.47428571           1.8244947          0.27177347         0.040391501
0.48000000           1.8239293          0.24232884         0.056767670
0.48571429           1.8222203          0.21413698         0.075713783
0.49142857           1.8193832          0.18730695         0.097109150
0.49714286           1.8154354          0.16194208          0.12081789
0.50285714           1.8103956          0.13813957          0.14668992
0.50857143           1.8042840          0.11599018          0.17456198
0.51428571           1.7971224         0.095577930          0.20425880
0.52000000           1.7889337         0.076979861          0.23559425
0.52571429           1.7797421         0.060265784          0.26837268
0.53142857           1.7695731         0.045498095          0.30239016
0.53714286           1.7584531         0.032731621          0.33743587
0.54285714           1.7464098         0.022013488          0.37329348
0.54857143           1.7334715         0.013383032          0.40974258
0.55428571           1.7196677        0.0068717382          0.44656007
0.56000000           1.7050284        0.0025032179          0.48352162
0.56571429           1.6895844       0.00029321599          0.52040306
0.57142857           1.6733673       0.00024965054          0.55698181
0.57714286           1.6564091        0.0023726841          0.59303825
0.58285714           1.6387421        0.0066548257          0.62835708
0.58857143           1.6203993         0.013081062          0.66272861
0.59428571           1.6014140         0.021629015          0.69595003
0.60000000           1.5818194         0.032269133          0.72782659
0.60571429           1.5616493         0.044964898          0.75817278
0.61142857           1.5409374         0.059673062          0.78681333
0.61714286           1.5197174         0.076343912          0.81358427
0.62285714           1.4980230         0.094921541          0.83833375
0.62857143           1.4758879          0.11534415          0.86092297
0.63428571           1.4533456          0.13754438          0.88122680
0.64000000           1.4304292          0.16144962          0.89913447
0.64571429           1.4071718          0.18698237          0.91455014
0.65142857           1.3836060          0.21406060          0.92739324
0.65714286           1.3597640          0.24259811          0.93759893
0.66285714           1.3356776          0.27250491          0.94511824
0.66857143           1.3113781          0.30368764          0.94991826
0.67428571           1.2868963          0.33604991          0.95198220
0.68000000           1.2622623          0.36949272          0.95130926
0.68571429           1.2375058          0.40391485          0.94791454
0.69142857           1.2126557          0.43921328          0.94182876
0.69714286           1.1877401          0.47528352          0.93309793
0.70285714           1.1627866          0.51202010          0.92178294
0.70857143           1.1378219          0.54931685          0.90795901
0.71428571           1.1128720          0.58706734          0.89171515
0.72000000           1.0879620          0.62516527          0.87315346
0.72571429           1.0631162          0.66350476          0.85238844
0.73142857           1.0383582          0.70198077          0.82954617
0.73714286           1.0137105          0.74048940          0.80476349
0.74285714          0.98919491          0.77892825          0.77818707
0.74857143          0.96483223          0.81719669          0.74997252
0.75428571          0.94064244          0.85519621          0.72028336
0.76000000          0.91664458          0.89283067          0.68929007
0.76571429          0.89285681          0.93000658          0.65716903
0.77142857          0.86929635          0.96663333          0.62410145
0.77714286          0.84597954           1.0026235          0.59027237
0.78285714          0.82292178           1.0378929          0.55586956
0.78857143          0.80013760           1.0723610          0.52108247
0.79428571          0.77764060           1.1059509          0.48610120
0.80000000          0.75544351           1.1385898          0.45111543
0.80571429          0.73355817           1.1702086          0.41631344
0.81142857          0.71199557           1.2007427          0.38188111
0.81714286          0.69076582           1.2301314          0.34800097
0.82285714          0.66987819           1.2583186          0.31485125
0.82857143          0.64934113           1.2852526          0.28260506
0.83428571          0.62916227           1.3108860          0.25142951
0.84000000          0.60934847           1.3351761          0.22148495
0.84571429          0.58990578           1.3580846          0.19292420
0.85142857          0.57083951           1.3795777          0.16589192
0.85714286          0.55215425           1.3996261          0.14052399
0.86285714          0.53385386           1.4182052          0.11694689
0.86857143          0.51594151           1.4352944         0.095277275
0.87428571          0.49841969           1.4508777         0.075621507
0.88000000          0.48129028           1.4649436         0.058075280
0.88571429          0.46455449           1.4774843         0.042723329
0.89142857          0.44821297           1.4884965         0.029639177
0.89714286          0.43226579           1.4979807         0.018884967
0.90285714          0.41671244           1.5059414         0.010511346
0.90857143          0.40155191           1.5123868        0.0045574105
0.91428571          0.38678270           1.5173287        0.0010507221
0.92000000          0.37240281           1.5207823       7.3758230E-06
0.92571429          0.35840979           1.5227662        0.0014321279
0.93142857          0.34480078           1.5233021        0.0053185793
0.93714286          0.33157250           1.5224146         0.011649412
0.94285714          0.31872129           1.5201315         0.020396676
0.94857143          0.30624315           1.5164827         0.031522119
0.95428571          0.29413373           1.5115010         0.044977571
0.96000000          0.28238839           1.5052213         0.060705353
0.96571429          0.27100218           1.4976808         0.078638743
0.97142857          0.25996989           1.4889183         0.098702456
0.97714286          0.24928609           1.4789747          0.12081317
0.98285714          0.23894511           1.4678924          0.14488006
0.98857143          0.22894107           1.4557152          0.17080540
0.99428571          0.21926792           1.4424881          0.19848509
 1.0000000          0.20991944           1.4282571          0.22780933
 1.0057143          0.20088929           1.4130694          0.25866318
 1.0114286          0.19217097           1.3969725          0.29092722
 1.0171429          0.18375789           1.3800149          0.32447816
 1.0228571          0.17564338           1.3622452          0.35918945
 1.0285714          0.16782068           1.3437124          0.39493195
 1.0342857          0.16028296           1.3244656          0.43157453
 1.0400000          0.15302338           1.3045540          0.46898467
 1.0457143          0.14603503           1.2840265          0.50702910
 1.0514286          0.13931102           1.2629317          0.54557434
 1.0571429          0.13284443           1.2413179          0.58448731
 1.0628571          0.12662837           1.2192328          0.62363586
 1.0685714          0.12065594           1.1967235          0.66288932
 1.0742857          0.11492029           1.1738364          0.70211901
 1.0800000          0.10941463           1.1506171          0.74119869
 1.0857143          0.10413218           1.1271101          0.78000507
 1.0914286         0.099066246           1.1033591          0.81841819
 1.0971429         0.094210197           1.0794067          0.85632185
 1.1028571         0.089557474           1.0552942          0.89360401
 1.1085714         0.085101604           1.0310618          0.93015704
 1.1142857         0.080836202           1.0067484          0.96587813
 1.1200000         0.076754979          0.98239179           1.0006695
 1.1257143         0.072851746          0.95802807           1.0344387
 1.1314286         0.069120420          0.93369216           1.0670988
 1.1371429         0.065555030          0.90941751           1.0985685
 1.1428571         0.062149717          0.88523610           1.1287724
 1.1485714         0.058898741          0.86117846           1.1576411
 1.1542857         0.055796482          0.83727365           1.1851112
 1.1600000         0.052837445          0.81354921           1.2111255
 1.1657143         0.050016260          0.79003121           1.2356328
 1.1714286         0.047327683          0.76674421           1.2585883
 1.1771429         0.044766602          0.74371128           1.2799530
 1.1828571         0.042328033          0.72095403           1.2996944
 1.1885714         0.040007123          0.69849258           1.3177856
 1.1942857         0.037799151          0.67634561           1.3342060
 1.2000000         0.035699528          0.65453039           1.3489404
 1.2057143         0.033703795          0.63306277           1.3619797
 1.2114286         0.031807624          0.61195723           1.3733199
 1.2171429         0.030006819          0.59122688           1.3829626
 1.2228571         0.028297312          0.57088356           1.3909145
 1.2285714         0.026675163          0.55093780           1.3971871
 1.2342857         0.025136561          0.53139889           1.4017969
 1.2400000         0.023677819          0.51227492           1.4047647
 1.2457143         0.022295375          0.49357282           1.4061156
 1.2514286         0.020985788          0.47529840           1.4058788
 1.2571429         0.019745739          0.45745636           1.4040872
 1.2628571         0.018572025          0.44005041           1.4007772
 1.2685714         0.017461562          0.42308322           1.3959886
 1.2742857         0.016411377          0.40655653           1.3897641
 1.2800000         0.015418610          0.39047119           1.3821491
 1.2857143         0.014480511          0.37482718           1.3731917
 1.2914286         0.013594434          0.35962364           1.3629419
 1.2971429         0.012757840          0.34485899           1.3514518
 1.3028571         0.011968289          0.33053088           1.3387754
 1.3085714         0.011223442          0.31663631           1.3249678
 1.3142857         0.010521055          0.30317162           1.3100856
 1.3200000        0.0098589768          0.29013258           1.2941862
 1.3257143        0.0092351491          0.27751439           1.2773279
 1.3314286        0.0086476005          0.26531175           1.2595694
 1.3371429        0.0080944456          0.25351889           1.2409696
 1.3428571        0.0075738815          0.24212960           1.2215877
 1.3485714        0.0070841859          0.23113729           1.2014828
 1.3542857        0.0066237138          0.22053502           1.1807135
 1.3600000        0.0061908953          0.21031551           1.1593380
 1.3657143        0.0057842330          0.20047122           1.1374141
 1.3714286        0.0054022991          0.19099435           1.1149984
 1.3771429        0.0050437332          0.18187688           1.0921469
 1.3828571        0.0047072400          0.17311062           1.0689142
 1.3885714        0.0043915864          0.16468719           1.0453541
 1.3942857        0.0040955995          0.15659812           1.0215187
 1.4000000        0.0038181640          0.14883482          0.99745884
 1.4057143        0.0035582201          0.14138862          0.97322383
 1.4114286        0.0033147615          0.13425080          0.94886135
 1.4171429        0.0030868325          0.12741262          0.92441742
 1.4228571        0.0028735266          0.12086532          0.89993630
 1.4285714        0.0026739843          0.11460017          0.87546046
 1.4342857        0.0024873906          0.10860845          0.85103054
 1.4400000        0.0023129738          0.10288150          0.82668527
 1.4457143        0.0021500029         0.097410727          0.80246151
 1.4514286        0.0019977865         0.092187611          0.77839418
 1.4571429        0.0018556702         0.087203731          0.75451626
 1.4628571        0.0017230356         0.082450772          0.73085880
 1.4685714        0.0015992982         0.077920537          0.70745092
 1.4742857        0.0014839060         0.073604958          0.68431981
 1.4800000        0.0013763380         0.069496105          0.66149075
 1.4857143        0.0012761025         0.065586197          0.63898715
 1.4914286        0.0011827357         0.061867605          0.61683054
 1.4971429        0.0010958006         0.058332862          0.59504065
 1.5028571        0.0010148854         0.054974669          0.57363542
 1.5085714       0.00093960208         0.051785896          0.55263102
 1.5142857       0.00086958573         0.048759594          0.53204196
 1.5200000       0.00080449285         0.045888988          0.51188108
 1.5257143       0.00074400045         0.043167488          0.49215961
 1.5314286       0.00068780491         0.040588687          0.47288726
 1.5371429       0.00063562102         0.038146365          0.45407224
 1.5428571       0.00058718091         0.035834488          0.43572134
 1.5485714       0.00054223316         0.033647206          0.41783995
 1.5542857       0.00050054189         0.031578858          0.40043220
 1.5600000       0.00046188590         0.029623968          0.38350093
 1.5657143       0.00042605785         0.027777245          0.36704782
 1.5714286       0.00039286348         0.026033578          0.35107342
 1.5771429       0.00036212086         0.024388042          0.33557721
 1.5828571       0.00033365972         0.022835886          0.32055770
 1.5885714       0.00030732071         0.021372538          0.30601245
 1.5942857       0.00028295483         0.019993598          0.29193813
 1.6000000       0.00026042280         0.018694837          0.27833063
 1.6057143       0.00023959447         0.017472194          0.26518505
 1.6114286       0.00022034829         0.016321770          0.25249583
 1.6171429       0.00020257078         0.015239826          0.24025675
 1.6228571       0.00018615606         0.014222779          0.22846100
 1.6285714       0.00017100537         0.013267201          0.21710125
 1.6342857       0.00015702663         0.012369809          0.20616971
 1.6400000       0.00014413404         0.011527465          0.19565814
 1.6457143       0.00013224768         0.010737172          0.18555792
 1.6514286       0.00012129313        0.0099960678          0.17586011
 1.6571429       0.00011120114        0.0093014233          0.16655547
 1.6628571       0.00010190727        0.0086506356          0.15763454
 1.6685714       9.3351623E-05        0.0080412254          0.14908763
 1.6742857       8.5478511E-05        0.0074708324          0.14090488
 1.6800000       7.8236204E-05        0.0069372114          0.13307634
 1.6857143       7.1576660E-05        0.0064382276          0.12559192
 1.6914286       6.5455283E-05        0.0059718529          0.11844150
 1.6971429       5.9830695E-05        0.0055361618          0.11161491
 1.7028571       5.4664518E-05        0.0051293273          0.10510199
 1.7085714       4.9921174E-05        0.0047496171         0.098892599
 1.7142857       4.5567694E-05        0.0043953896         0.092976644
 1.7200000       4.1573536E-05        0.0040650904         0.087344106
 1.7257143       3.7910426E-05        0.0037572482         0.081985059
 1.7314286       3.4552194E-05        0.0034704716         0.076889689
 1.7371429       3.1474628E-05        0.0032034455         0.072048314
 1.7428571       2.8655343E-05        0.0029549276         0.067451398
 1.7485714       2.6073644E-05        0.0027237449         0.063089565
 1.7542857       2.3710413E-05        0.0025087911         0.058953613
 1.7600000       2.1547992E-05        0.0023090229         0.055034530
 1.7657143       1.9570080E-05        0.0021234571         0.051323494
 1.7714286       1.7761636E-05        0.0019511680         0.047811894
 1.7771429       1.6108785E-05        0.0017912841         0.044491328
 1.7828571       1.4598737E-05        0.0016429860         0.041353615
 1.7885714       1.3219701E-05        0.0015055033         0.038390799
 1.7942857       1.1960819E-05        0.0013781120         0.035595153
 1.8000000       1.0812092E-05        0.0012601328         0.032959185
 1.8057143       9.7643159E-06        0.0011509281         0.030475636
 1.8114286       8.8090237E-06        0.0010498999         0.028137485
 1.8171429       7.9384299E-06       0.00095648798         0.025937951
 1.8228571       7.1453778E-06       0.00087016765         0.023870492
 1.8285714       6.4232929E-06       0.00079044780         0.021928801
 1.8342857       5.7661376E-06       0.00071686916         0.020106813
 1.8400000       5.1683706E-06       0.00064900245         0.018398697
 1.8457143       4.6249085E-06       0.00058644676         0.016798858
 1.8514286       4.1310903E-06       0.00052882790         0.015301932
 1.8571429       3.6826450E-06       0.00047579697         0.013902784
 1.8628571       3.2756612E-06       0.00042702883         0.012596508
 1.8685714       2.9065591E-06       0.00038222082         0.011378420
 1.8742857       2.5720643E-06       0.00034109143         0.010244057
 1.8800000       2.2691847E-06       0.00030337910        0.0091891726
 1.8857143       1.9951877E-06       0.00026884109        0.0082097334
 1.8914286       1.7475806E-06       0.00023725237        0.0073019159
 1.8971429       1.5240913E-06       0.00020840464        0.0064621026
 1.9028571       1.3226518E-06       0.00018210539        0.0056868783
 1.9085714       1.1413824E-06       0.00015817698        0.0049730263
 1.9142857       9.7857674E-07       0.00013645587        0.0043175255
 1.9200000       8.3268955E-07       0.00011679179        0.0037175468
 1.9257143       7.0232408E-07       9.9047099E-05        0.0031704501
 1.9314286       5.8622149E-07       8.3096101E-05        0.0026737814
 1.9371429       4.8325101E-07       6.8824457E-05        0.0022252703
 1.9428571       3.9240109E-07       5.6128652E-05        0.0018228278
 1.9485714       3.1277154E-07       4.4915507E-05        0.0014645445
 1.9542857       2.4356648E-07       3.5101752E-05        0.0011486889
 1.9600000       1.8408822E-07       2.6613649E-05       0.00087370673
 1.9657143       1.3373190E-07       1.9386671E-05       0.00063822047
 1.9714286       9.1980973E-08       1.3365236E-05       0.00044102928
 1.9771429       5.8403436E-08       8.5024922E-06       0.00028110989
 1.9828571       3.2648838E-08       4.7601660E-06       0.00015761799
 1.9885714       1.4446051E-08       2.1084640E-06       6.9890394E-05
 1.9942857       3.6018055E-09       5.2603573E-07       1.7448069E-05
