 rho:               u1:                 u2:                 u3:            Ground state eigenvalue: 0.105774
0.14285714       4.0277293E-08       1.8377498E-07       4.8863226E-07
0.28571429       1.8457433E-07       8.4159171E-07       2.2361175E-06
0.42857143       4.7377085E-07       2.1578272E-06       5.7268669E-06
0.57142857       9.5705181E-07       4.3523738E-06       1.1533305E-05
0.71428571       1.6928564E-06       7.6839788E-06       2.0322138E-05
0.85714286       2.7498693E-06       1.2453567E-05       3.2860073E-05
 1.0000000       4.2080506E-06       1.9007508E-05       5.0018832E-05
 1.1428571       6.1596991E-06       2.7740782E-05       7.2779344E-05
 1.2857143       8.7105442E-06       3.9100004E-05       0.00010223496
 1.4285714       1.1980862E-05       5.3586266E-05       0.00013959355
 1.5714286       1.6106604E-05       7.1757734E-05       0.00018617839
 1.7142857       2.1240542E-05       9.4231966E-05       0.00024342760
 1.8571429       2.7553410E-05       0.00012168790       0.00031289221
 2.0000000       3.5235036E-05       0.00015486744       0.00039623254
 2.1428571       4.4495471E-05       0.00019457664       0.00049521292
 2.2857143       5.5566083E-05       0.00024168641       0.00061169468
 2.4285714       6.8700622E-05       0.00029713261       0.00074762726
 2.5714286       8.4176240E-05       0.00036191573       0.00090503750
 2.7142857       0.00010229446       0.00043709979        0.0010860170
 2.8571429       0.00012338208       0.00052381072        0.0012927078
 3.0000000       0.00014779199       0.00062323397        0.0015272856
 3.1428571       0.00017590395       0.00073661145        0.0017919423
 3.2857143       0.00020812517       0.00086523770        0.0020888654
 3.4285714       0.00024489092        0.0010104553        0.0024202171
 3.5714286       0.00028666490        0.0011736497        0.0027881112
 3.7142857       0.00033393956        0.0013562426        0.0031945884
 3.8571429       0.00038723624        0.0015596857        0.0036415916
 4.0000000       0.00044710517        0.0017854527        0.0041309390
 4.1428571       0.00051412532        0.0020350305        0.0046642973
 4.2857143       0.00058890409        0.0023099109        0.0052431541
 4.4285714       0.00067207680        0.0026115798        0.0058687903
 4.5714286       0.00076430602        0.0029415075        0.0065422529
 4.7142857       0.00086628068        0.0033011368        0.0072643272
 4.8571429       0.00097871505        0.0036918720        0.0080355114
 5.0000000        0.0011023474        0.0041150663        0.0088559907
 5.1428571        0.0012379388        0.0045720092        0.0097256138
 5.2857143        0.0013862709        0.0050639138         0.010643871
 5.4285714        0.0015481446        0.0055919034         0.011609874
 5.5714286        0.0017243778        0.0061569984         0.012622339
 5.7142857        0.0019158031        0.0067601024         0.013679571
 5.8571429        0.0021232650        0.0074019895         0.014779452
 6.0000000        0.0023476180        0.0080832904         0.015919435
 6.1428571        0.0025897228        0.0088044801         0.017096538
 6.2857143        0.0028504437        0.0095658648         0.018307339
 6.4285714        0.0031306457         0.010367570         0.019547986
 6.5714286        0.0034311903         0.011209530         0.020814199
 6.7142857        0.0037529324         0.012091475         0.022101286
 6.8571429        0.0040967168         0.013012924         0.023404154
 7.0000000        0.0044633737         0.013973173         0.024717331
 7.1428571        0.0048537155         0.014971289         0.026034996
 7.2857143        0.0052685322         0.016006104         0.027350999
 7.4285714        0.0057085873         0.017076208         0.028658903
 7.5714286        0.0061746141         0.018179946         0.029952016
 7.7142857        0.0066673108         0.019315415         0.031223435
 7.8571429        0.0071873366         0.020480464         0.032466092
 8.0000000        0.0077353075         0.021672693         0.033672802
 8.1428571        0.0083117917         0.022889458         0.034836312
 8.2857143        0.0089173057         0.024127872         0.035949360
 8.4285714        0.0095523101         0.025384813         0.037004730
 8.5714286         0.010217206         0.026656930         0.037995308
 8.7142857         0.010912329         0.027940655         0.038914145
 8.8571429         0.011637948         0.029232212         0.039754518
 9.0000000         0.012394262         0.030527630         0.040509985
 9.1428571         0.013181393         0.031822758         0.041174455
 9.2857143         0.013999385         0.033113281         0.041742237
 9.4285714         0.014848201         0.034394741         0.042208106
 9.5714286         0.015727722         0.035662552         0.042567356
 9.7142857         0.016637739         0.036912023         0.042815851
 9.8571429         0.017577958         0.038138380         0.042950078
 10.000000         0.018547991         0.039336792         0.042967194
 10.142857         0.019547359         0.040502390         0.042865062
 10.285714         0.020575490         0.041630299         0.042642294
 10.428571         0.021631716         0.042715661         0.042298279
 10.571429         0.022715276         0.043753662         0.041833211
 10.714286         0.023825311         0.044739559         0.041248105
 10.857143         0.024960868         0.045668711         0.040544813
 11.000000         0.026120898         0.046536603         0.039726032
 11.142857         0.027304262         0.047338880         0.038795297
 11.285714         0.028509724         0.048071364         0.037756980
 11.428571         0.029735959         0.048730094         0.036616273
 11.571429         0.030981553         0.049311342         0.035379161
 11.714286         0.032245008         0.049811647         0.034052402
 11.857143         0.033524740         0.050227831         0.032643482
 12.000000         0.034819085         0.050557033         0.031160576
 12.142857         0.036126304         0.050796720         0.029612498
 12.285714         0.037444585         0.050944719         0.028008645
 12.428571         0.038772048         0.050999225         0.026358932
 12.571429         0.040106749         0.050958827         0.024673732
 12.714286         0.041446686         0.050822518         0.022963795
 12.857143         0.042789803         0.050589709         0.021240177
 13.000000         0.044133997         0.050260240         0.019514160
 13.142857         0.045477122         0.049834389         0.017797165
 13.285714         0.046816996         0.049312878         0.016100671
 13.428571         0.048151409         0.048696874         0.014436124
 13.571429         0.049478124         0.047987993         0.012814851
 13.714286         0.050794890         0.047188298         0.011247973
 13.857143         0.052099443         0.046300292        0.0097463144
 14.000000         0.053389518         0.045326913        0.0083203181
 14.142857         0.054662852         0.044271528        0.0069799630
 14.285714         0.055917190         0.043137913        0.0057346819
 14.428571         0.057150295         0.041930246        0.0045932846
 14.571429         0.058359955         0.040653087        0.0035638848
 14.714286         0.059543986         0.039311359        0.0026538331
 14.857143         0.060700241         0.037910328        0.0018696540
 15.000000         0.061826618         0.036455575        0.0012169909
 15.142857         0.062921063         0.034952979       0.00070055661
 15.285714         0.063981579         0.033408680       0.00032409201
 15.428571         0.065006231         0.031829059       9.0331580E-05
 15.571429         0.065993151         0.030220699       9.7750204E-07
 15.714286         0.066940546         0.028590362       5.6681712E-05
 15.857143         0.067846701         0.026944951       0.00025703645
 16.000000         0.068709984         0.025291475       0.00060057333
 16.142857         0.069528855         0.023637019        0.0010847710
 16.285714         0.070301862         0.021988708        0.0017060712
 16.428571         0.071027653         0.020353670        0.0024599034
 16.571429         0.071704979         0.018739001        0.0033407176
 16.714286         0.072332690         0.017151733        0.0043420249
 16.857143         0.072909748         0.015598794        0.0054564458
 17.000000         0.073435222         0.014086980        0.0066757655
 17.142857         0.073908294         0.012622917        0.0079909965
 17.285714         0.074328259         0.011213030        0.0093924465
 17.428571         0.074694528        0.0098635122         0.010869792
 17.571429         0.075006629        0.0085802948         0.012412159
 17.714286         0.075264204        0.0073690181         0.014008204
 17.857143         0.075467015        0.0062350056         0.015646201
 18.000000         0.075614939        0.0051832379         0.017314133
 18.142857         0.075707969        0.0042183307         0.018999782
 18.285714         0.075746213        0.0033445133         0.020690824
 18.428571         0.075729895        0.0025656099         0.022374918
 18.571429         0.075659348        0.0018850230         0.024039807
 18.714286         0.075535016        0.0013057192         0.025673402
 18.857143         0.075357450       0.00083021783         0.027263879
 19.000000         0.075127307       0.00046058078         0.028799765
 19.142857         0.074845345       0.00019840623         0.030270023
 19.285714         0.074512419       4.4824040E-05         0.031664131
 19.428571         0.074129480       4.9377536E-07         0.032972162
 19.571429         0.073697570       6.5605285E-05         0.034184855
 19.714286         0.073217815       0.00023988163         0.035293678
 19.857143         0.072691426       0.00052258440         0.036290892
 20.000000         0.072119690       0.00091252138         0.037169601
 20.142857         0.071503969        0.0014080564         0.037923799
 20.285714         0.070845689        0.0020071214         0.038548410
 20.428571         0.070146344        0.0027072303         0.039039321
 20.571429         0.069407483        0.0035054955         0.039393401
 20.714286         0.068630709        0.0043986452         0.039608524
 20.857143         0.067817671        0.0053830429         0.039683572
 21.000000         0.066970061        0.0064547091         0.039618440
 21.142857         0.066089610        0.0076093430         0.039414027
 21.285714         0.065178078        0.0088423465         0.039072220
 21.428571         0.064237252         0.010148849         0.038595877
 21.571429         0.063268941         0.011523734         0.037988794
 21.714286         0.062274970         0.012961663         0.037255674
 21.857143         0.061257174         0.014457106         0.036402080
 22.000000         0.060217394         0.016004367         0.035434392
 22.142857         0.059157473         0.017597613         0.034359751
 22.285714         0.058079248         0.019230899         0.033186004
 22.428571         0.056984551         0.020898202         0.031921639
 22.571429         0.055875197         0.022593443         0.030575720
 22.714286         0.054752987         0.024310516         0.029157818
 22.857143         0.053619699         0.026043317         0.027677937
 23.000000         0.052477087         0.027785769         0.026146442
 23.142857         0.051326874         0.029531849         0.024573981
 23.285714         0.050170753         0.031275608         0.022971409
 23.428571         0.049010379         0.033011203         0.021349714
 23.571429         0.047847369         0.034732912         0.019719935
 23.714286         0.046683298         0.036435162         0.018093090
 23.857143         0.045519695         0.038112543         0.016480102
 24.000000         0.044358045         0.039759834         0.014891724
 24.142857         0.043199781         0.041372016         0.013338470
 24.285714         0.042046286         0.042944289         0.011830550
 24.428571         0.040898891         0.044472089         0.010377804
 24.571429         0.039758869         0.045951099        0.0089896428
 24.714286         0.038627441         0.047377263        0.0076749925
 24.857143         0.037505769         0.048746793        0.0064422436
 25.000000         0.036394958         0.050056180        0.0052992037
 25.142857         0.035296055         0.051302203        0.0042530564
 25.285714         0.034210046         0.052481929        0.0033103243
 25.428571         0.033137860         0.053592723        0.0024768381
 25.571429         0.032080366         0.054632247        0.0017577109
 25.714286         0.031038373         0.055598461        0.0011573173
 25.857143         0.030012633         0.056489627       0.00067927867
 26.000000         0.029003837         0.057304301       0.00032645342
 26.142857         0.028012620         0.058041335       0.00010093279
 26.285714         0.027039560         0.058699871       4.0416853E-06
 26.428571         0.026085177         0.059279334       3.6344636E-05
 26.571429         0.025149939         0.059779429       0.00019765666
 26.714286         0.024234256         0.060200131       0.00048705877
 26.857143         0.023338489         0.060541678       0.00090291787
 27.000000         0.022462945         0.060804560        0.0014429109
 27.142857         0.021607883         0.060989510        0.0021040528
 27.285714         0.020773512         0.061097492        0.0028827279
 27.428571         0.019959995         0.061129693        0.0037747247
 27.571429         0.019167451         0.061087505        0.0047752737
 27.714286         0.018395953         0.060972518        0.0058790874
 27.857143         0.017645535         0.060786504        0.0070804025
 28.000000         0.016916190         0.060531405        0.0083730244
 28.142857         0.016207874         0.060209319        0.0097503728
 28.285714         0.015520507         0.059822486         0.011205528
 28.428571         0.014853973         0.059373278         0.012731280
 28.571429         0.014208127         0.058864178         0.014320174
 28.714286         0.013582791         0.058297774         0.015964559
 28.857143         0.012977761         0.057676740         0.017656639
 29.000000         0.012392804         0.057003826         0.019388514
 29.142857         0.011827665         0.056281843         0.021152233
 29.285714         0.011282064         0.055513652         0.022939833
 29.428571         0.010755701         0.054702150         0.024743387
 29.571429         0.010248258         0.053850259         0.026555046
 29.714286        0.0097593979         0.052960912         0.028367076
 29.857143        0.0092887681         0.052037046         0.030171900
 30.000000        0.0088360028         0.051081588         0.031962132
 30.142857        0.0084007231         0.050097447         0.033730611
 30.285714        0.0079825394         0.049087501         0.035470433
 30.428571        0.0075810528         0.048054592         0.037174979
 30.571429        0.0071958562         0.047001516         0.038837940
 30.714286        0.0068265363         0.045931014         0.040453343
 30.857143        0.0064726742         0.044845766         0.042015568
 31.000000        0.0061338472         0.043748386         0.043519367
 31.142857        0.0058096299         0.042641411         0.044959879
 31.285714        0.0054995951         0.041527300         0.046332644
 31.428571        0.0052033152         0.040408428         0.047633608
 31.571429        0.0049203630         0.039287081         0.048859132
 31.714286        0.0046503128         0.038165453         0.050005998
 31.857143        0.0043927411         0.037045644         0.051071406
 32.000000        0.0041472277         0.035929653         0.052052978
 32.142857        0.0039133562         0.034819382         0.052948751
 32.285714        0.0036907151         0.033716631         0.053757172
 32.428571        0.0034788979         0.032623096         0.054477095
 32.571429        0.0032775042         0.031540372         0.055107765
 32.714286        0.0030861400         0.030469950         0.055648813
 32.857143        0.0029044183         0.029413217         0.056100237
 33.000000        0.0027319595         0.028371460         0.056462396
 33.142857        0.0025683917         0.027345862         0.056735986
 33.285714        0.0024133512         0.026337511         0.056922028
 33.428571        0.0022664829         0.025347391         0.057021853
 33.571429        0.0021274401         0.024376395         0.057037075
 33.714286        0.0019958853         0.023425320         0.056969581
 33.857143        0.0018714899         0.022494872         0.056821506
 34.000000        0.0017539347         0.021585668         0.056595213
 34.142857        0.0016429097         0.020698240         0.056293275
 34.285714        0.0015381145         0.019833039         0.055918454
 34.428571        0.0014392579         0.018990435         0.055473679
 34.571429        0.0013460585         0.018170721         0.054962025
 34.714286        0.0012582439         0.017374119         0.054386697
 34.857143        0.0011755517         0.016600783         0.053751005
 35.000000        0.0010977283         0.015850798         0.053058348
 35.142857        0.0010245296         0.015124191         0.052312195
 35.285714       0.00095572074         0.014420928         0.051516064
 35.428571       0.00089107579         0.013740921         0.050673508
 35.571429       0.00083037770         0.013084031         0.049788095
 35.714286       0.00077341821         0.012450072         0.048863395
 35.857143       0.00071999761         0.011838812         0.047902960
 36.000000       0.00066992460         0.011249979         0.046910317
 36.142857       0.00062301610         0.010683265         0.045888946
 36.285714       0.00057909701         0.010138327         0.044842275
 36.428571       0.00053800007        0.0096147914         0.043773663
 36.571429       0.00049956560        0.0091122556         0.042686394
 36.714286       0.00046364133        0.0086302937         0.041583661
 36.857143       0.00043008212        0.0081684577         0.040468566
 37.000000       0.00039874979        0.0077262803         0.039344103
 37.142857       0.00036951288        0.0073032779         0.038213159
 37.285714       0.00034224643        0.0068989532         0.037078504
 37.428571       0.00031683173        0.0065127971         0.035942786
 37.571429       0.00029315613        0.0061442919         0.034808527
 37.714286       0.00027111280        0.0057929125         0.033678123
 37.857143       0.00025060049        0.0054581290         0.032553836
 38.000000       0.00023152335        0.0051394086         0.031437798
 38.142857       0.00021379068        0.0048362172         0.030332005
 38.285714       0.00019731674        0.0045480213         0.029238319
 38.428571       0.00018202052        0.0042742891         0.028158470
 38.571429       0.00016782556        0.0040144926         0.027094054
 38.714286       0.00015465971        0.0037681082         0.026046535
 38.857143       0.00014245498        0.0035346185         0.025017249
 39.000000       0.00013114733        0.0033135130         0.024007404
 39.142857       0.00012067646        0.0031042894         0.023018085
 39.285714       0.00011098567        0.0029064539         0.022050255
 39.428571       0.00010202165        0.0027195229         0.021104762
 39.571429       9.3734354E-05        0.0025430228         0.020182339
 39.714286       8.6076781E-05        0.0023764911         0.019283611
 39.857143       7.9004860E-05        0.0022194768         0.018409097
 40.000000       7.2477281E-05        0.0020715408         0.017559219
 40.142857       6.6455347E-05        0.0019322564         0.016734300
 40.285714       6.0902839E-05        0.0018012093         0.015934576
 40.428571       5.5785876E-05        0.0016779982         0.015160195
 40.571429       5.1072788E-05        0.0015622346         0.014411226
 40.714286       4.6733989E-05        0.0014535432         0.013687662
 40.857143       4.2741861E-05        0.0013515618         0.012989423
 41.000000       3.9070637E-05        0.0012559412         0.012316368
 41.142857       3.5696296E-05        0.0011663454         0.011668291
 41.285714       3.2596457E-05        0.0010824514         0.011044932
 41.428571       2.9750281E-05        0.0010039491         0.010445979
 41.571429       2.7138377E-05       0.00093054094        0.0098710730
 41.714286       2.4742714E-05       0.00086194200        0.0093198136
 41.857143       2.2546535E-05       0.00079787967        0.0087917617
 42.000000       2.0534280E-05       0.00073809335        0.0082864447
 42.142857       1.8691504E-05       0.00068233429        0.0078033603
 42.285714       1.7004811E-05       0.00063036523        0.0073419800
 42.428571       1.5461782E-05       0.00058196014        0.0069017535
 42.571429       1.4050914E-05       0.00053690391        0.0064821113
 42.714286       1.2761555E-05       0.00049499203        0.0060824690
 42.857143       1.1583851E-05       0.00045603026        0.0057022294
 43.000000       1.0508691E-05       0.00041983430        0.0053407865
 43.142857       9.5276539E-06       0.00038622942        0.0049975274
 43.285714       8.6329636E-06       0.00035505019        0.0046718353
 43.428571       7.8174426E-06       0.00032614005        0.0043630920
 43.571429       7.0744704E-06       0.00029935104        0.0040706797
 43.714286       6.3979438E-06       0.00027454343        0.0037939836
 43.857143       5.7822400E-06       0.00025158535        0.0035323934
 44.000000       5.2221818E-06       0.00023035253        0.0032853049
 44.142857       4.7130052E-06       0.00021072789        0.0030521222
 44.285714       4.2503289E-06       0.00019260129        0.0028322583
 44.428571       3.8301264E-06       0.00017586917        0.0026251370
 44.571429       3.4486988E-06       0.00016043422        0.0024301936
 44.714286       3.1026508E-06       0.00014620514        0.0022468760
 44.857143       2.7888672E-06       0.00013309630        0.0020746457
 45.000000       2.5044919E-06       0.00012102747        0.0019129785
 45.142857       2.2469075E-06       0.00010992354        0.0017613649
 45.285714       2.0137169E-06       9.9714248E-05        0.0016193107
 45.428571       1.8027265E-06       9.0333936E-05        0.0014863376
 45.571429       1.6119294E-06       8.1721289E-05        0.0013619835
 45.714286       1.4394912E-06       7.3819099E-05        0.0012458023
 45.857143       1.2837362E-06       6.6574040E-05        0.0011373649
 46.000000       1.1431342E-06       5.9936441E-05        0.0010362583
 46.142857       1.0162893E-06       5.3860084E-05       0.00094208652
 46.285714       9.0192834E-07       4.8301998E-05       0.00085446986
 46.428571       7.9889156E-07       4.3222268E-05       0.00077304531
 46.571429       7.0612275E-07       3.8583856E-05       0.00069746620
 46.714286       6.2266088E-07       3.4352425E-05       0.00062740207
 46.857143       5.4763219E-07       3.0496177E-05       0.00056253846
 47.000000       4.8024291E-07       2.6985698E-05       0.00050257671
 47.142857       4.1977255E-07       2.3793810E-05       0.00044723367
 47.285714       3.6556778E-07       2.0895436E-05       0.00039624144
 47.428571       3.1703681E-07       1.8267467E-05       0.00034934711
 47.571429       2.7364420E-07       1.5888641E-05       0.00030631242
 47.714286       2.3490615E-07       1.3739430E-05       0.00026691350
 47.857143       2.0038622E-07       1.1801935E-05       0.00023094056
 48.000000       1.6969136E-07       1.0059784E-05       0.00019819761
 48.142857       1.4246842E-07       8.4980437E-06       0.00016850215
 48.285714       1.1840086E-07       7.1031330E-06       0.00014168494
 48.428571       9.7205852E-08       5.8627479E-06       0.00011758972
 48.571429       7.8631706E-08       4.7657907E-06       9.6073021E-05
 48.714286       6.2455498E-08       3.8023066E-06       7.7003916E-05
 48.857143       4.8481018E-08       2.9634276E-06       6.0263895E-05
 49.000000       3.6536953E-08       2.2413235E-06       4.5746717E-05
 49.142857       2.6475322E-08       1.6291585E-06       3.3358320E-05
 49.285714       1.8170133E-08       1.1210566E-06       2.3016777E-05
 49.428571       1.1516284E-08       7.1207217E-07       1.4652307E-05
 49.571429       6.4286712E-09       3.9816946E-07       8.2073359E-06
 49.714286       2.8415362E-09       1.7620824E-07       3.6366268E-06
 49.857143       7.0802890E-10       4.3937997E-08       9.0747802E-07
