 rho:               u1:                 u2:                 u3:            Ground state eigenvalue: 2.2300888
0.020000000       0.00010771150       0.00021409615       0.00030938330
0.040000000       0.00043911794       0.00087216816        0.0012593728
0.060000000        0.0010063316        0.0019962535        0.0028788217
0.080000000        0.0018210289        0.0036060509        0.0051910617
0.10000000        0.0028944003        0.0057187378        0.0082135498
0.12000000        0.0042370996        0.0083488014         0.011957569
0.14000000        0.0058591965         0.011507886         0.016427981
0.16000000        0.0077701298         0.015204656         0.021623044
0.18000000        0.0099786626         0.019444677         0.027534281
0.20000000         0.012492840         0.024230318         0.034146425
0.22000000         0.015319948         0.029560669         0.041437413
0.24000000         0.018466475         0.035431485         0.049378464
0.26000000         0.021938081         0.041835144         0.057934203
0.28000000         0.025739557         0.048760634         0.067062865
0.30000000         0.029874802         0.056193557         0.076716556
0.32000000         0.034346796         0.064116157         0.086841577
0.34000000         0.039157572         0.072507373         0.097378808
0.36000000         0.044308200         0.081342905          0.10826415
0.38000000         0.049798771         0.090595315          0.11942901
0.40000000         0.055628380          0.10023414          0.13080087
0.42000000         0.061795120          0.11022603          0.14230383
0.44000000         0.068296076          0.12053490          0.15385926
0.46000000         0.075127319          0.13112210          0.16538647
0.48000000         0.082283911          0.14194664          0.17680336
0.50000000         0.089759913          0.15296536          0.18802717
0.52000000         0.097548384          0.16413318          0.19897514
0.54000000          0.10564140          0.17540334          0.20956532
0.56000000          0.11403008          0.18672765          0.21971723
0.58000000          0.12270459          0.19805674          0.22935260
0.60000000          0.13165416          0.20934039          0.23839612
0.62000000          0.14086713          0.22052774          0.24677607
0.64000000          0.15033098          0.23156761          0.25442505
0.66000000          0.16003234          0.24240883          0.26128057
0.68000000          0.16995706          0.25300048          0.26728564
0.70000000          0.18009020          0.26329220          0.27238936
0.72000000          0.19041614          0.27323452          0.27654738
0.74000000          0.20091854          0.28277910          0.27972239
0.76000000          0.21158048          0.29187905          0.28188446
0.78000000          0.22238442          0.30048922          0.28301138
0.80000000          0.23331231          0.30856643          0.28308896
0.82000000          0.24434563          0.31606976          0.28211115
0.84000000          0.25546542          0.32296079          0.28008022
0.86000000          0.26665236          0.32920384          0.27700675
0.88000000          0.27788683          0.33476616          0.27290968
0.90000000          0.28914895          0.33961820          0.26781613
0.92000000          0.30041864          0.34373371          0.26176128
0.94000000          0.31167570          0.34708996          0.25478811
0.96000000          0.32289983          0.34966788          0.24694712
0.98000000          0.33407075          0.35145217          0.23829588
 1.0000000          0.34516817          0.35243139          0.22889868
 1.0200000          0.35617195          0.35259810          0.21882597
 1.0400000          0.36706208          0.35194883          0.20815383
 1.0600000          0.37781876          0.35048420          0.19696338
 1.0800000          0.38842249          0.34820886          0.18534009
 1.1000000          0.39885406          0.34513152          0.17337314
 1.1200000          0.40909466          0.34126493          0.16115468
 1.1400000          0.41912591          0.33662575          0.14877908
 1.1600000          0.42892988          0.33123455          0.13634217
 1.1800000          0.43848921          0.32511567          0.12394048
 1.2000000          0.44778709          0.31829709          0.11167042
 1.2200000          0.45680731          0.31081030         0.099627538
 1.2400000          0.46553435          0.30269014         0.087905707
 1.2600000          0.47395336          0.29397461         0.076596388
 1.2800000          0.48205023          0.28470467         0.065787877
 1.3000000          0.48981160          0.27492404         0.055564599
 1.3200000          0.49722493          0.26467896         0.046006423
 1.3400000          0.50427847          0.25401795         0.037188024
 1.3600000          0.51096134          0.24299155         0.029178286
 1.3800000          0.51726351          0.23165210         0.022039751
 1.4000000          0.52317583          0.22005339         0.015828134
 1.4200000          0.52869006          0.20825047         0.010591879
 1.4400000          0.53379887          0.19629930        0.0063717914
 1.4600000          0.53849585          0.18425651        0.0032007233
 1.4800000          0.54277551          0.17217909        0.0011033344
 1.5000000          0.54663329          0.16012409       9.5914026E-05
 1.5200000          0.55006556          0.14814837       0.00018627650
 1.5400000          0.55306962          0.13630831        0.0013737242
 1.5600000          0.55564369          0.12465951        0.0036490812
 1.5800000          0.55778688          0.11325654        0.0069947950
 1.6000000          0.55949923          0.10215267         0.011385106
 1.6200000          0.56078166         0.091399627         0.016786283
 1.6400000          0.56163594         0.081047333         0.023156920
 1.6600000          0.56206472         0.071143698         0.030448296
 1.6800000          0.56207145         0.061734391         0.038604787
 1.7000000          0.56166042         0.052862635         0.047564334
 1.7200000          0.56083667         0.044569025         0.057258961
 1.7400000          0.55960602         0.036891351         0.067615331
 1.7600000          0.55797499         0.029864446         0.078555343
 1.7800000          0.55595084         0.023520044         0.089996765
 1.8000000          0.55354144         0.017886662          0.10185389
 1.8200000          0.55075533         0.012989497          0.11403823
 1.8400000          0.54760163        0.0088503392          0.12645918
 1.8600000          0.54409002        0.0054875109          0.13902477
 1.8800000          0.54023072        0.0029158146          0.15164233
 1.9000000          0.53603442        0.0011465068          0.16421924
 1.9200000          0.53151227       0.00018728703          0.17666363
 1.9400000          0.52667583       4.2305542E-05          0.18888502
 1.9600000          0.52153705       0.00071218850          0.20079508
 1.9800000          0.51610817        0.0021940806          0.21230820
 2.0000000          0.51040179        0.0044817044          0.22334216
 2.0200000          0.50443072        0.0075654349          0.23381869
 2.0400000          0.49820802         0.011432391          0.24366407
 2.0600000          0.49174693         0.016066538          0.25280956
 2.0800000          0.48506081         0.021448810          0.26119197
 2.1000000          0.47816316         0.027557238          0.26875399
 2.1200000          0.47106756         0.034367092          0.27544461
 2.1400000          0.46378759         0.041851039          0.28121943
 2.1600000          0.45633688         0.049979300          0.28604093
 2.1800000          0.44872901         0.058719827          0.28987865
 2.2000000          0.44097749         0.068038479          0.29270938
 2.2200000          0.43309577         0.077899211          0.29451724
 2.2400000          0.42509715         0.088264260          0.29529374
 2.2600000          0.41699479         0.099094343          0.29503774
 2.2800000          0.40880169          0.11034885          0.29375539
 2.3000000          0.40053063          0.12198606          0.29146003
 2.3200000          0.39219417          0.13396332          0.28817201
 2.3400000          0.38380462          0.14623724          0.28391844
 2.3600000          0.37537403          0.15876394          0.27873298
 2.3800000          0.36691415          0.17149918          0.27265549
 2.4000000          0.35843642          0.18439861          0.26573169
 2.4200000          0.34995198          0.19741792          0.25801277
 2.4400000          0.34147159          0.21051304          0.24955500
 2.4600000          0.33300569          0.22364032          0.24041923
 2.4800000          0.32456434          0.23675671          0.23067046
 2.5000000          0.31615722          0.24981990          0.22037734
 2.5200000          0.30779364          0.26278850          0.20961163
 2.5400000          0.29948250          0.27562217          0.19844769
 2.5600000          0.29123231          0.28828177          0.18696196
 2.5800000          0.28305116          0.30072951          0.17523241
 2.6000000          0.27494675          0.31292901          0.16333798
 2.6200000          0.26692636          0.32484550          0.15135807
 2.6400000          0.25899686          0.33644582          0.13937200
 2.6600000          0.25116470          0.34769859          0.12745848
 2.6800000          0.24343592          0.35857425          0.11569514
 2.7000000          0.23581617          0.36904515          0.10415799
 2.7200000          0.22831066          0.37908559         0.092920982
 2.7400000          0.22092422          0.38867186         0.082055578
 2.7600000          0.21366129          0.39778231         0.071630306
 2.7800000          0.20652591          0.40639736         0.061710383
 2.8000000          0.19952172          0.41449950         0.052357354
 2.8200000          0.19265202          0.42207333         0.043628766
 2.8400000          0.18591972          0.42910554         0.035577869
 2.8600000          0.17932736          0.43558489         0.028253363
 2.8800000          0.17287717          0.44150223         0.021699171
 2.9000000          0.16657101          0.44685041         0.015954256
 2.9200000          0.16041042          0.45162430         0.011052464
 2.9400000          0.15439662          0.45582073        0.0070224170
 2.9600000          0.14853054          0.45943841        0.0038874306
 2.9800000          0.14281280          0.46247794        0.0016654754
 3.0000000          0.13724375          0.46494167       0.00036916924
 3.0200000          0.13182346          0.46683369       5.8057306E-06
 3.0400000          0.12655175          0.46815975       0.00057741479
 3.0600000          0.12142820          0.46892714        0.0020808553
 3.0800000          0.11645214          0.46914468        0.0045079378
 3.1000000          0.11162270          0.46882258        0.0078455753
 3.1200000          0.10693880          0.46797236         0.012075961
 3.1400000          0.10239914          0.46660681         0.017176770
 3.1600000         0.098002288          0.46473983         0.023121385
 3.1800000         0.093746592          0.46238639         0.029879137
 3.2000000         0.089630267          0.45956243         0.037415575
 3.2200000         0.085651379          0.45628474         0.045692735
 3.2400000         0.081807856          0.45257092         0.054669441
 3.2600000         0.078097505          0.44843922         0.064301599
 3.2800000         0.074518021          0.44390851         0.074542516
 3.3000000         0.071066996          0.43899817         0.085343212
 3.3200000         0.067741933          0.43372798         0.096652744
 3.3400000         0.064540255          0.42811808          0.10841853
 3.3600000         0.061459313          0.42218885          0.12058667
 3.3800000         0.058496398          0.41596085          0.13310226
 3.4000000         0.055648747          0.40945472          0.14590974
 3.4200000         0.052913557          0.40269115          0.15895317
 3.4400000         0.050287989          0.39569075          0.17217654
 3.4600000         0.047769175          0.38847402          0.18552407
 3.4800000         0.045354232          0.38106130          0.19894050
 3.5000000         0.043040263          0.37347265          0.21237135
 3.5200000         0.040824365          0.36572786          0.22576316
 3.5400000         0.038703638          0.35784636          0.23906378
 3.5600000         0.036675191          0.34984718          0.25222254
 3.5800000         0.034736144          0.34174890          0.26519051
 3.6000000         0.032883636          0.33356961          0.27792065
 3.6200000         0.031114832          0.32532689          0.29036803
 3.6400000         0.029426924          0.31703774          0.30248993
 3.6600000         0.027817135          0.30871859          0.31424606
 3.6800000         0.026282728          0.30038524          0.32559859
 3.7000000         0.024821004          0.29205288          0.33651234
 3.7200000         0.023429308          0.28373602          0.34695480
 3.7400000         0.022105032          0.27544850          0.35689623
 3.7600000         0.020845616          0.26720350          0.36630970
 3.7800000         0.019648552          0.25901348          0.37517114
 3.8000000         0.018511387          0.25089023          0.38345933
 3.8200000         0.017431720          0.24284482          0.39115593
 3.8400000         0.016407211          0.23488764          0.39824542
 3.8600000         0.015435575          0.22702835          0.40471513
 3.8800000         0.014514588          0.21927596          0.41055517
 3.9000000         0.013642086          0.21163877          0.41575836
 3.9200000         0.012815965          0.20412439          0.42032017
 3.9400000         0.012034183          0.19673981          0.42423869
 3.9600000         0.011294759          0.18949134          0.42751445
 3.9800000         0.010595774          0.18238465          0.43015040
 4.0000000        0.0099353693          0.17542480          0.43215180
 4.0200000        0.0093117493          0.16861626          0.43352605
 4.0400000        0.0087231780          0.16196291          0.43428263
 4.0600000        0.0081679800          0.15546804          0.43443296
 4.0800000        0.0076445398          0.14913445          0.43399026
 4.1000000        0.0071513006          0.14296438          0.43296945
 4.1200000        0.0066867641          0.13695959          0.43138695
 4.1400000        0.0062494889          0.13112136          0.42926065
 4.1600000        0.0058380901          0.12545052          0.42660968
 4.1800000        0.0054512379          0.11994746          0.42345431
 4.2000000        0.0050876564          0.11461219          0.41981583
 4.2200000        0.0047461225          0.10944432          0.41571639
 4.2400000        0.0044254650          0.10444310          0.41117891
 4.2600000        0.0041245626         0.099607464          0.40622690
 4.2800000        0.0038423431         0.094936010          0.40088436
 4.3000000        0.0035777821         0.090427060          0.39517568
 4.3200000        0.0033299012         0.086078669          0.38912548
 4.3400000        0.0030977671         0.081888643          0.38275853
 4.3600000        0.0028804899         0.077854568          0.37609965
 4.3800000        0.0026772218         0.073973822          0.36917356
 4.4000000        0.0024871556         0.070243604          0.36200485
 4.4200000        0.0023095235         0.066660948          0.35461783
 4.4400000        0.0021435956         0.063222742          0.34703650
 4.4600000        0.0019886786         0.059925747          0.33928441
 4.4800000        0.0018441141         0.056766615          0.33138465
 4.5000000        0.0017092777         0.053741904          0.32335974
 4.5200000        0.0015835776         0.050848096          0.31523160
 4.5400000        0.0014664529         0.048081609          0.30702146
 4.5600000        0.0013573729         0.045438811          0.29874985
 4.5800000        0.0012558353         0.042916037          0.29043654
 4.6000000        0.0011613652         0.040509598          0.28210050
 4.6200000        0.0010735142         0.038215796          0.27375989
 4.6400000       0.00099185866         0.036030931          0.26543198
 4.6600000       0.00091599898         0.033951313          0.25713323
 4.6800000       0.00084555833         0.031973274          0.24887916
 4.7000000       0.00078018162         0.030093172          0.24068443
 4.7200000       0.00071953446         0.028307403          0.23256278
 4.7400000       0.00066330214         0.026612406          0.22452706
 4.7600000       0.00061118864         0.025004672          0.21658922
 4.7800000       0.00056291575         0.023480747          0.20876031
 4.8000000       0.00051822212         0.022037238          0.20105049
 4.8200000       0.00047686240         0.020670822          0.19346908
 4.8400000       0.00043860638         0.019378244          0.18602453
 4.8600000       0.00040323824         0.018156325          0.17872444
 4.8800000       0.00037055573         0.017001962          0.17157562
 4.9000000       0.00034036944         0.015912136          0.16458408
 4.9200000       0.00031250211         0.014883906          0.15775508
 4.9400000       0.00028678791         0.013914419          0.15109312
 4.9600000       0.00026307186         0.013000907          0.14460200
 4.9800000       0.00024120912         0.012140687          0.13828486
 5.0000000       0.00022106449         0.011331166          0.13214416
 5.0200000       0.00020251180         0.010569838          0.12618178
 5.0400000       0.00018543336        0.0098542821          0.12039897
 5.0600000       0.00016971949        0.0091821682          0.11479646
 5.0800000       0.00015526803        0.0085512512          0.10937445
 5.1000000       0.00014198384        0.0079593726          0.10413265
 5.1200000       0.00012977842        0.0074044587         0.099070310
 5.1400000       0.00011856947        0.0068845197         0.094186266
 5.1600000       0.00010828048        0.0063976482         0.089478952
 5.1800000       9.8840401E-05        0.0059420181         0.084946441
 5.2000000       9.0183261E-05        0.0055158820         0.080586477
 5.2200000       8.2247856E-05        0.0051175706         0.076396498
 5.2400000       7.4977428E-05        0.0047454899         0.072373671
 5.2600000       6.8319373E-05        0.0043981196         0.068514916
 5.2800000       6.2224965E-05        0.0040740113         0.064816934
 5.3000000       5.6649095E-05        0.0037717859         0.061276231
 5.3200000       5.1550025E-05        0.0034901318         0.057889147
 5.3400000       4.6889156E-05        0.0032278028         0.054651874
 5.3600000       4.2630814E-05        0.0029836155         0.051560483
 5.3800000       3.8742045E-05        0.0027564475         0.048610945
 5.4000000       3.5192425E-05        0.0025452352         0.045799146
 5.4200000       3.1953878E-05        0.0023489711         0.043120914
 5.4400000       2.9000513E-05        0.0021667023         0.040572029
 5.4600000       2.6308463E-05        0.0019975278         0.038148247
 5.4800000       2.3855743E-05        0.0018405965         0.035845309
 5.5000000       2.1622107E-05        0.0016951053         0.033658959
 5.5200000       1.9588925E-05        0.0015602967         0.031584957
 5.5400000       1.7739061E-05        0.0014354569         0.029619093
 5.5600000       1.6056760E-05        0.0013199139         0.027757192
 5.5800000       1.4527549E-05        0.0012130355         0.025995132
 5.6000000       1.3138135E-05        0.0011142272         0.024328846
 5.6200000       1.1876318E-05        0.0010229306         0.022754339
 5.6400000       1.0730905E-05       0.00093862170         0.021267684
 5.6600000       9.6916349E-06       0.00086080877         0.019865040
 5.6800000       8.7491027E-06       0.00078903106         0.018542648
 5.7000000       7.8946949E-06       0.00072285700         0.017296845
 5.7200000       7.1205260E-06       0.00066188267         0.016124060
 5.7400000       6.4193810E-06       0.00060573032         0.015020821
 5.7600000       5.7846615E-06       0.00055404691         0.013983760
 5.7800000       5.2103363E-06       0.00050650275         0.013009612
 5.8000000       4.6908956E-06       0.00046279014         0.012095217
 5.8200000       4.2213083E-06       0.00042262212         0.011237522
 5.8400000       3.7969826E-06       0.00038573128         0.010433583
 5.8600000       3.4137304E-06       0.00035186855        0.0096805607
 5.8800000       3.0677330E-06       0.00032080216        0.0089757264
 5.9000000       2.7555108E-06       0.00029231652        0.0083164563
 5.9200000       2.4738946E-06       0.00026621128        0.0077002331
 5.9400000       2.2199994E-06       0.00024230036        0.0071246440
 5.9600000       1.9912002E-06       0.00022041104        0.0065873793
 5.9800000       1.7851099E-06       0.00020038311        0.0060862308
 6.0000000       1.5995586E-06       0.00018206806        0.0056190893
 6.0200000       1.4325750E-06       0.00016532834        0.0051839433
 6.0400000       1.2823692E-06       0.00015003658        0.0047788759
 6.0600000       1.1473166E-06       0.00013607499        0.0044020625
 6.0800000       1.0259435E-06       0.00012333462        0.0040517687
 6.1000000       9.1691366E-07       0.00011171484        0.0037263469
 6.1200000       8.1901628E-07       0.00010112272        0.0034242340
 6.1400000       7.3115453E-07       9.1472507E-05        0.0031439486
 6.1600000       6.5233545E-07       8.2685115E-05        0.0028840879
 6.1800000       5.8166051E-07       7.4687663E-05        0.0026433252
 6.2000000       5.1831707E-07       6.7413023E-05        0.0024204065
 6.2200000       4.6157049E-07       6.0799406E-05        0.0022141483
 6.2400000       4.1075701E-07       5.4789972E-05        0.0020234342
 6.2600000       3.6527720E-07       4.9332468E-05        0.0018472123
 6.2800000       3.2458996E-07       4.4378886E-05        0.0016844924
 6.3000000       2.8820713E-07       3.9885146E-05        0.0015343431
 6.3200000       2.5568850E-07       3.5810800E-05        0.0013958895
 6.3400000       2.2663731E-07       3.2118756E-05        0.0012683100
 6.3600000       2.0069614E-07       2.8775021E-05        0.0011508343
 6.3800000       1.7754317E-07       2.5748459E-05        0.0010427404
 6.4000000       1.5688877E-07       2.3010574E-05       0.00094335254
 6.4200000       1.3847244E-07       2.0535297E-05       0.00085203866
 6.4400000       1.2205996E-07       1.8298801E-05       0.00076820814
 6.4600000       1.0744090E-07       1.6279315E-05       0.00069130964
 6.4800000       9.4426251E-08       1.4456969E-05       0.00062082898
 6.5000000       8.2846387E-08       1.2813632E-05       0.00055628709
 6.5200000       7.2549132E-08       1.1332778E-05       0.00049723812
 6.5400000       6.3398057E-08       9.9993511E-06       0.00044326752
 6.5600000       5.5270926E-08       8.7996481E-06       0.00039399031
 6.5800000       4.8058291E-08       7.7212064E-06       0.00034904935
 6.6000000       4.1662221E-08       6.7527021E-06       0.00030811380
 6.6200000       3.5995161E-08       5.8838558E-06       0.00027087754
 6.6400000       3.0978900E-08       5.1053468E-06       0.00023705778
 6.6600000       2.6543637E-08       4.4087333E-06       0.00020639366
 6.6800000       2.2627147E-08       3.7863805E-06       0.00017864503
 6.7000000       1.9174029E-08       3.2313943E-06       0.00015359124
 6.7200000       1.6135034E-08       2.7375605E-06       0.00013103000
 6.7400000       1.3466455E-08       2.2992901E-06       0.00011077640
 6.7600000       1.1129595E-08       1.9115698E-06       9.2661914E-05
 6.7800000       9.0902814E-09       1.5699166E-06       7.6533567E-05
 6.8000000       7.3184415E-09       1.2703373E-06       6.2253101E-05
 6.8200000       5.7877261E-09       1.0092931E-06       4.9696279E-05
 6.8400000       4.4751784E-09       7.8366668E-07       3.8752237E-05
 6.8600000       3.3609453E-09       5.9073474E-07       2.9322924E-05
 6.8800000       2.4280290E-09       4.2814334E-07       2.1322620E-05
 6.9000000       1.6620753E-09       2.9388731E-07       1.4677534E-05
 6.9200000       1.0511976E-09       1.8629304E-07       9.3254853E-06
 6.9400000       5.8583394E-10       1.0400485E-07       5.2156748E-06
 6.9600000       2.5863767E-10       4.5974829E-08       2.3085375E-06
 6.9800000       6.4399156E-11       1.1456151E-08       5.7569435E-07
