 rho:               u1:                 u2:                 u3:            Ground state eigenvalue: 4.0578102
0.014285714       0.00021348865       0.00039354504       0.00054521810
0.028571429       0.00086548547        0.0015941907        0.0022068444
0.042857143        0.0019724965        0.0036285467        0.0050163888
0.057142857        0.0035499177        0.0065184882        0.0089950691
0.071428571        0.0056119672         0.010280940         0.014153441
0.085714286        0.0081716214         0.014927689         0.020491124
0.10000000         0.011240555         0.020465232         0.027996638
0.11428571         0.014829086         0.026894653         0.036647337
0.12857143         0.018946124         0.034211539         0.046409458
0.14285714         0.023599125         0.042405926         0.057238270
0.15714286         0.028794049         0.051462289         0.069078343
0.17142857         0.034535326         0.061359556         0.081863907
0.18571429         0.040825824         0.072071172         0.095519327
0.20000000         0.047666825         0.083565191          0.10995967
0.21428571         0.055058002         0.095804404          0.12509138
0.22857143         0.062997413          0.10874651          0.14081301
0.24285714         0.071481485          0.12234429          0.15701607
0.25714286         0.080505018          0.13654590          0.17358594
0.27142857         0.090061182          0.15129506          0.19040285
0.28571429          0.10014154          0.16653139          0.20734290
0.30000000          0.11073604          0.18219075          0.22427916
0.31428571          0.12183306          0.19820554          0.24108275
0.32857143          0.13341943          0.21450512          0.25762405
0.34285714          0.14548045          0.23101618          0.27377382
0.35714286          0.15799995          0.24766315          0.28940438
0.37142857          0.17096031          0.26436867          0.30439076
0.38571429          0.18434251          0.28105399          0.31861187
0.40000000          0.19812623          0.29763945          0.33195161
0.41428571          0.21228983          0.31404495          0.34429996
0.42857143          0.22681047          0.33019040          0.35555398
0.44285714          0.24166418          0.34599621          0.36561882
0.45714286          0.25682586          0.36138376          0.37440859
0.47142857          0.27226946          0.37627586          0.38184724
0.48571429          0.28796797          0.39059721          0.38786925
0.50000000          0.30389354          0.40427486          0.39242029
0.51428571          0.32001755          0.41723864          0.39545782
0.52857143          0.33631072          0.42942157          0.39695147
0.54285714          0.35274316          0.44076030          0.39688343
0.55714286          0.36928449          0.45119545          0.39524867
0.57142857          0.38590391          0.46067199          0.39205503
0.58571429          0.40257031          0.46913959          0.38732326
0.60000000          0.41925235          0.47655290          0.38108685
0.61428571          0.43591857          0.48287181          0.37339188
0.62857143          0.45253745          0.48806176          0.36429659
0.64285714          0.46907752          0.49209389          0.35387099
0.65714286          0.48550747          0.49494524          0.34219628
0.67142857          0.50179622          0.49659891          0.32936420
0.68571429          0.51791299          0.49704414          0.31547628
0.70000000          0.53382743          0.49627640          0.30064298
0.71428571          0.54950968          0.49429743          0.28498282
0.72857143          0.56493045          0.49111522          0.26862135
0.74285714          0.58006112          0.48674398          0.25169012
0.75714286          0.59487378          0.48120408          0.23432557
0.77142857          0.60934135          0.47452192          0.21666789
0.78571429          0.62343762          0.46672979          0.19885986
0.80000000          0.63713731          0.45786573          0.18104560
0.81428571          0.65041618          0.44797324          0.16336943
0.82857143          0.66325101          0.43710114          0.14597462
0.84285714          0.67561976          0.42530323          0.12900219
0.85714286          0.68750151          0.41263801          0.11258975
0.87142857          0.69887658          0.39916837         0.096870370
0.88571429          0.70972655          0.38496124         0.081971445
0.90000000          0.72003431          0.37008724         0.068013667
0.91428571          0.72978404          0.35462026         0.055110030
0.92857143          0.73896132          0.33863711         0.043364910
0.94285714          0.74755308          0.32221705         0.032873221
0.95714286          0.75554766          0.30544142         0.023719654
0.97142857          0.76293481          0.28839319         0.015978009
0.98571429          0.76970570          0.27115651        0.0097106135
 1.0000000          0.77585292          0.25381627        0.0049678534
 1.0142857          0.78137048          0.23645768        0.0017877946
 1.0285714          0.78625381          0.21916582       0.00019591709
 1.0428571          0.79049977          0.20202520       0.00020495369
 1.0571429          0.79410657          0.18511935        0.0018148362
 1.0714286          0.79707384          0.16853038        0.0050127494
 1.0857143          0.79940254          0.15233859        0.0097732901
 1.1000000          0.80109498          0.13662210         0.016058731
 1.1142857          0.80215473          0.12145642         0.023819382
 1.1285714          0.80258669          0.10691415         0.032994052
 1.1428571          0.80239693         0.093064617         0.043510602
 1.1571429          0.80159275         0.079973549         0.055286578
 1.1714286          0.80018260         0.067702809         0.068229930
 1.1857143          0.79817601         0.056310113         0.082239805
 1.2000000          0.79558361         0.045848787         0.097207400
 1.2142857          0.79241699         0.036367554          0.11301688
 1.2285714          0.78868876         0.027910344          0.12954632
 1.2428571          0.78441238         0.020516134          0.14666876
 1.2571429          0.77960220         0.014218812          0.16425317
 1.2714286          0.77427335        0.0090470764          0.18216556
 1.2857143          0.76844170        0.0050243564          0.20027005
 1.3000000          0.76212381        0.0021687665          0.21842992
 1.3142857          0.75533688       0.00049308606          0.23650869
 1.3285714          0.74809863       4.7676809E-06          0.25437121
 1.3428571          0.74042734       0.00070597248          0.27188465
 1.3571429          0.73234171        0.0025936318          0.28891957
 1.3714286          0.72386083        0.0056595342          0.30535081
 1.3857143          0.71500415        0.0098904374          0.32105851
 1.4000000          0.70579136         0.015268203          0.33592891
 1.4142857          0.69624239         0.021769955          0.34985520
 1.4285714          0.68637735         0.029368254          0.36273827
 1.4428571          0.67621642         0.038031301          0.37448738
 1.4571429          0.66577987         0.047723146          0.38502080
 1.4714286          0.65508796         0.058403923          0.39426628
 1.4857143          0.64416092         0.070030098          0.40216160
 1.5000000          0.63301886         0.082554723          0.40865485
 1.5142857          0.62168179         0.095927710          0.41370475
 1.5285714          0.61016950          0.11009611          0.41728085
 1.5428571          0.59850157          0.12500441          0.41936366
 1.5571429          0.58669732          0.14059481          0.41994465
 1.5714286          0.57477574          0.15680752          0.41902622
 1.5857143          0.56275550          0.17358109          0.41662155
 1.6000000          0.55065488          0.19085269          0.41275440
 1.6142857          0.53849177          0.20855841          0.40745883
 1.6285714          0.52628361          0.22663357          0.40077878
 1.6428571          0.51404737          0.24501299          0.39276774
 1.6571429          0.50179954          0.26363134          0.38348815
 1.6714286          0.48955610          0.28242334          0.37301094
 1.6857143          0.47733249          0.30132412          0.36141487
 1.7000000          0.46514359          0.32026943          0.34878587
 1.7142857          0.45300375          0.33919592          0.33521640
 1.7285714          0.44092670          0.35804139          0.32080470
 1.7428571          0.42892560          0.37674500          0.30565398
 1.7571429          0.41701300          0.39524753          0.28987172
 1.7714286          0.40520086          0.41349156          0.27356883
 1.7857143          0.39350051          0.43142165          0.25685885
 1.8000000          0.38192266          0.44898457          0.23985713
 1.8142857          0.37047743          0.46612941          0.22268005
 1.8285714          0.35917430          0.48280776          0.20544418
 1.8428571          0.34802214          0.49897383          0.18826554
 1.8571429          0.33702922          0.51458455          0.17125879
 1.8714286          0.32620318          0.52959973          0.15453652
 1.8857143          0.31555109          0.54398206          0.13820852
 1.9000000          0.30507942          0.55769724          0.12238112
 1.9142857          0.29479406          0.57071400          0.10715653
 1.9285714          0.28470032          0.58300418         0.092632244
 1.9428571          0.27480297          0.59454269         0.078900493
 1.9571429          0.26510623          0.60530756         0.066047742
 1.9714286          0.25561378          0.61527993         0.054154228
 1.9857143          0.24632879          0.62444402         0.043293558
 2.0000000          0.23725394          0.63278711         0.033532357
 2.0142857          0.22839142          0.64029947         0.024929978
 2.0285714          0.21974294          0.64697433         0.017538254
 2.0428571          0.21130978          0.65280781         0.011401320
 2.0571429          0.20309276          0.65779882        0.0065554792
 2.0714286          0.19509233          0.66194899        0.0030291302
 2.0857143          0.18730850          0.66526259       0.00084274217
 2.1000000          0.17974093          0.66774638       8.8869714E-06
 2.1142857          0.17238891          0.66940956       0.00053231879
 2.1285714          0.16525140          0.67026359        0.0024101028
 2.1428571          0.15832702          0.67032213        0.0056317895
 2.1571429          0.15161412          0.66960086         0.010179633
 2.1714286          0.14511073          0.66811739         0.016028847
 2.1857143          0.13881465          0.66589111         0.023147906
 2.2000000          0.13272340          0.66294305         0.031498868
 2.2142857          0.12683429          0.65929574         0.041037740
 2.2285714          0.12114443          0.65497310         0.051714868
 2.2428571          0.11565070          0.65000027         0.063475345
 2.2571429          0.11034985          0.64440351         0.076259447
 2.2714286          0.10523843          0.63821000         0.090003084
 2.2857143          0.10031287          0.63144778          0.10463826
 2.3000000         0.095569446          0.62414558          0.12009355
 2.3142857         0.091004350          0.61633269          0.13629459
 2.3285714         0.086613657          0.60803883          0.15316453
 2.3428571         0.082393360          0.59929406          0.17062454
 2.3571429         0.078339381          0.59012863          0.18859430
 2.3714286         0.074447583          0.58057287          0.20699245
 2.3857143         0.070713782          0.57065711          0.22573706
 2.4000000         0.067133760          0.56041153          0.24474609
 2.4142857         0.063703274          0.54986610          0.26393783
 2.4285714         0.060418070          0.53905046          0.28323131
 2.4428571         0.057273889          0.52799387          0.30254671
 2.4571429         0.054266479          0.51672508          0.32180574
 2.4714286         0.051391604          0.50527230          0.34093202
 2.4857143         0.048645050          0.49366308          0.35985140
 2.5000000         0.046022636          0.48192431          0.37849225
 2.5142857         0.043520219          0.47008209          0.39678580
 2.5285714         0.041133700          0.45816175          0.41466637
 2.5428571         0.038859032          0.44618774          0.43207159
 2.5571429         0.036692226          0.43418362          0.44894266
 2.5714286         0.034629352          0.42217204          0.46522446
 2.5857143         0.032666551          0.41017466          0.48086576
 2.6000000         0.030800030          0.39821219          0.49581931
 2.6142857         0.029026074          0.38630431          0.51004196
 2.6285714         0.027341044          0.37446969          0.52349473
 2.6428571         0.025741382          0.36272598          0.53614284
 2.6571429         0.024223614          0.35108979          0.54795573
 2.6714286         0.022784351          0.33957668          0.55890710
 2.6857143         0.021420289          0.32820120          0.56897483
 2.7000000         0.020128215          0.31697687          0.57814099
 2.7142857         0.018905005          0.30591617          0.58639171
 2.7285714         0.017747624          0.29503060          0.59371715
 2.7428571         0.016653129          0.28433067          0.60011138
 2.7571429         0.015618666          0.27382592          0.60557224
 2.7714286         0.014641476          0.26352494          0.61010124
 2.7857143         0.013718885          0.25343540          0.61370339
 2.8000000         0.012848315          0.24356406          0.61638705
 2.8142857         0.012027273          0.23391685          0.61816376
 2.8285714         0.011253356          0.22449882          0.61904807
 2.8428571         0.010524250          0.21531423          0.61905732
 2.8571429        0.0098377265          0.20636657          0.61821150
 2.8714286        0.0091916408          0.19765856          0.61653303
 2.8857143        0.0085839333          0.18919225          0.61404655
 2.9000000        0.0080126261          0.18096898          0.61077873
 2.9142857        0.0074758215          0.17298946          0.60675807
 2.9285714        0.0069717005          0.16525381          0.60201470
 2.9428571        0.0064985210          0.15776157          0.59658018
 2.9571429        0.0060546156          0.15051173          0.59048728
 2.9714286        0.0056383900          0.14350279          0.58376984
 2.9857143        0.0052483207          0.13673280          0.57646252
 3.0000000        0.0048829535          0.13019935          0.56860065
 3.0142857        0.0045409005          0.12389965          0.56022005
 3.0285714        0.0042208392          0.11783052          0.55135686
 3.0428571        0.0039215095          0.11198848          0.54204735
 3.0571429        0.0036417120          0.10636972          0.53232782
 3.0714286        0.0033803059          0.10097016          0.52223437
 3.0857143        0.0031362069         0.095785484          0.51180285
 3.1000000        0.0029083851         0.090811146          0.50106865
 3.1142857        0.0026958632         0.086042419          0.49006663
 3.1285714        0.0024977140         0.081474409          0.47883100
 3.1428571        0.0023130589         0.077102085          0.46739519
 3.1571429        0.0021410657         0.072920295          0.45579177
 3.1714286        0.0019809470         0.068923798          0.44405239
 3.1857143        0.0018319576         0.065107276          0.43220765
 3.2000000        0.0016933936         0.061465362          0.42028709
 3.2142857        0.0015645899         0.057992651          0.40831908
 3.2285714        0.0014449188         0.054683724          0.39633081
 3.2428571        0.0013337881         0.051533162          0.38434825
 3.2571429        0.0012306396         0.048535559          0.37239606
 3.2714286        0.0011349476         0.045685539          0.36049763
 3.2857143        0.0010462169         0.042977770          0.34867504
 3.3000000       0.00096398194         0.040406972          0.33694903
 3.3142857       0.00088780468         0.037967930          0.32533900
 3.3285714       0.00081727368         0.035655504          0.31386305
 3.3428571       0.00075200256         0.033464639          0.30253794
 3.3571429       0.00069162871         0.031390370          0.29137912
 3.3714286       0.00063581206         0.029427833          0.28040075
 3.3857143       0.00058423386         0.027572267          0.26961572
 3.4000000       0.00053659555         0.025819023          0.25903568
 3.4142857       0.00049261762         0.024163567          0.24867106
 3.4285714       0.00045203859         0.022601483          0.23853112
 3.4428571       0.00041461396         0.021128478          0.22862397
 3.4571429       0.00038011527         0.019740386          0.21895662
 3.4714286       0.00034832918         0.018433164          0.20953502
 3.4857143       0.00031905657         0.017202900          0.20036411
 3.5000000       0.00029211171         0.016045810          0.19144783
 3.5142857       0.00026732145         0.014958241          0.18278921
 3.5285714       0.00024452449         0.013936667          0.17439042
 3.5428571       0.00022357064         0.012977694          0.16625275
 3.5571429       0.00020432013         0.012078053          0.15837676
 3.5714286       0.00018664298         0.011234603          0.15076223
 3.5857143       0.00017041837         0.010444330          0.14340827
 3.6000000       0.00015553407        0.0097043406          0.13631336
 3.6142857       0.00014188587        0.0090118649          0.12947537
 3.6285714       0.00012937709        0.0083642511          0.12289162
 3.6428571       0.00011791806        0.0077589643          0.11655895
 3.6571429       0.00010742568        0.0071935833          0.11047372
 3.6714286       9.7822973E-05        0.0066657980          0.10463188
 3.6857143       8.9038669E-05        0.0061734066         0.099029020
 3.7000000       8.1006827E-05        0.0057143123         0.093660385
 3.7142857       7.3666466E-05        0.0052865201         0.088520928
 3.7285714       6.6961227E-05        0.0048881340         0.083605347
 3.7428571       6.0839047E-05        0.0045173533         0.078908117
 3.7571429       5.5251862E-05        0.0041724696         0.074423526
 3.7714286       5.0155323E-05        0.0038518635         0.070145707
 3.7857143       4.5508530E-05        0.0035540014         0.066068667
 3.8000000       4.1273786E-05        0.0032774318         0.062186316
 3.8142857       3.7416366E-05        0.0030207824         0.058492496
 3.8285714       3.3904295E-05        0.0027827571         0.054981002
 3.8428571       3.0708154E-05        0.0025621323         0.051645610
 3.8571429       2.7800884E-05        0.0023577539         0.048480095
 3.8714286       2.5157611E-05        0.0021685346         0.045478253
 3.8857143       2.2755487E-05        0.0019934504         0.042633920
 3.9000000       2.0573528E-05        0.0018315381         0.039940985
 3.9142857       1.8592479E-05        0.0016818919         0.037393411
 3.9285714       1.6794678E-05        0.0015436611         0.034985245
 3.9428571       1.5163934E-05        0.0014160473         0.032710631
 3.9571429       1.3685409E-05        0.0012983015         0.030563822
 3.9714286       1.2345518E-05        0.0011897216         0.028539190
 3.9857143       1.1131824E-05        0.0010896505         0.026631234
 4.0000000       1.0032951E-05       0.00099747276         0.024834584
 4.0142857       9.0384966E-06       0.00091261326         0.023144015
 4.0285714       8.1389552E-06       0.00083453439         0.021554446
 4.0428571       7.3256438E-06       0.00076273421         0.020060945
 4.0571429       6.5906358E-06       0.00069674432         0.018658735
 4.0714286       5.9266989E-06       0.00063612801         0.017343194
 4.0857143       5.3272372E-06       0.00058047834         0.016109857
 4.1000000       4.7862387E-06       0.00052941639         0.014954419
 4.1142857       4.2982265E-06       0.00048258963         0.013872732
 4.1285714       3.8582133E-06       0.00043967022         0.012860808
 4.1428571       3.4616604E-06       0.00040035357         0.011914815
 4.1571429       3.1044394E-06       0.00036435682         0.011031079
 4.1714286       2.7827968E-06       0.00033141754         0.010206077
 4.1857143       2.4933217E-06       0.00030129233        0.0094364425
 4.2000000       2.2329167E-06       0.00027375569        0.0087189539
 4.2142857       1.9987695E-06       0.00024859874        0.0080505383
 4.2285714       1.7883289E-06       0.00022562821        0.0074282653
 4.2428571       1.5992812E-06       0.00020466534        0.0068493440
 4.2571429       1.4295293E-06       0.00018554492        0.0063111196
 4.2714286       1.2771734E-06       0.00016811436        0.0058110690
 4.2857143       1.1404933E-06       0.00015223280        0.0053467974
 4.3000000       1.0179321E-06       0.00013777032        0.0049160339
 4.3142857       9.0808160E-07       0.00012460713        0.0045166271
 4.3285714       8.0966849E-07       0.00011263291        0.0041465414
 4.3428571       7.2154224E-07       0.00010174605        0.0038038523
 4.3571429       6.4266365E-07       9.1853087E-05        0.0034867422
 4.3714286       5.7209458E-07       8.2868065E-05        0.0031934962
 4.3857143       5.0898853E-07       7.4712000E-05        0.0029224978
 4.4000000       4.5258207E-07       6.7312353E-05        0.0026722248
 4.4142857       4.0218705E-07       6.0602550E-05        0.0024412450
 4.4285714       3.5718346E-07       5.4521524E-05        0.0022282121
 4.4428571       3.1701299E-07       4.9013300E-05        0.0020318621
 4.4571429       2.8117310E-07       4.4026595E-05        0.0018510087
 4.4714286       2.4921170E-07       3.9514460E-05        0.0016845399
 4.4857143       2.2072229E-07       3.5433937E-05        0.0015314145
 4.5000000       1.9533952E-07       3.1745744E-05        0.0013906579
 4.5142857       1.7273522E-07       2.8413981E-05        0.0012613591
 4.5285714       1.5261472E-07       2.5405864E-05        0.0011426671
 4.5428571       1.3471361E-07       2.2691467E-05        0.0010337875
 4.5571429       1.1879473E-07       2.0243493E-05       0.00093397994
 4.5714286       1.0464545E-07       1.8037060E-05       0.00084255430
 4.5857143       9.2075270E-08       1.6049496E-05       0.00075886838
 4.6000000       8.0913568E-08       1.4260163E-05       0.00068232491
 4.6142857       7.1007629E-08       1.2650281E-05       0.00061236894
 4.6285714       6.2220827E-08       1.1202774E-05       0.00054848533
 4.6428571       5.4430999E-08       9.9021265E-06       0.00049019632
 4.6571429       4.7528978E-08       8.7342511E-06       0.00043705926
 4.6714286       4.1417263E-08       7.6863646E-06       0.00038866446
 4.6857143       3.6008827E-08       6.7468771E-06       0.00034463309
 4.7000000       3.1226042E-08       5.9052891E-06       0.00030461530
 4.7142857       2.6999710E-08       5.1520972E-06       0.00026828836
 4.7285714       2.3268197E-08       4.4787076E-06       0.00023535492
 4.7428571       1.9976646E-08       3.8773569E-06       0.00020554143
 4.7571429       1.7076282E-08       3.3410403E-06       0.00017859661
 4.7714286       1.4523780E-08       2.8634456E-06       0.00015428999
 4.7857143       1.2280704E-08       2.4388932E-06       0.00013241068
 4.8000000       1.0313003E-08       2.0622816E-06       0.00011276606
 4.8142857       8.5905650E-09       1.7290386E-06       9.5180680E-05
 4.8285714       7.0868159E-09       1.4350759E-06       7.9495227E-05
 4.8428571       5.7783651E-09       1.1767497E-06       6.5565556E-05
 4.8571429       4.6446925E-09       9.5082446E-07       5.3261822E-05
 4.8714286       3.6678718E-09       7.5444057E-07       4.2467703E-05
 4.8857143       2.8323285E-09       5.8508642E-07       3.3079699E-05
 4.9000000       2.1246293E-09       4.4057330E-07       2.5006518E-05
 4.9142857       1.5333008E-09       3.1901388E-07       1.8168548E-05
 4.9285714       1.0486755E-09       2.1880393E-07       1.2497415E-05
 4.9428571       6.6276338E-10       1.3860706E-07       7.9356190E-06
 4.9571429       3.6914818E-10       7.7342556E-08       4.4362698E-06
 4.9714286       1.6290695E-10       3.4176225E-08       1.9629046E-06
 4.9857143       4.0552754E-11       8.5142330E-09       4.8940295E-07
